800,600,20000,0
1.0 1.0 1.0
5
3
0.5 0 0 0.5 0 0
0.5 0 0 0.5 0.5 0
0.5 0 0 0.5 0 0.5
40
4
0.787 -0.14 0.138 0.787 0.075 0.21
0.218 -0.24 0.183 0.287 0.33 -0.045
-0.22 0.241 0.183 0.287 0.605 0.015
0.019 0 -0.03 0.299 0.451 0.03
20
4
0.4 0.0 -0.1 0.4 -0.160 0
0.4 0.0 0.1 0.4 0.160 0
0.4 0.5 0.5 0.4 0 0
0.4 0.5 -0.5 0.4 0 0
30
4
0.3333 0.0 0.0 0.3333 -0.200 0
0.3333 0.0 0.0 0.3333 0.200 0
0.16667 -0.288675 0.288675 0.16667 -0.50 0.866024
0.16667 0.288675 -0.288675 0.16667 0.50 0.866024
10
3
0.5 0.0 0.0 0.8 0.0 0.50
0.5 0.2 -0.2 0.5 -0.10 -0.100
0.5 -0.2 0.2 0.5 0.80 -0.100